23,Setup,-78.8156662,-7.735194683,0.05138330162,-527.0154419,-1.431838989,0,1170.129395,970.1293945,-925.3212891,-925.3212891,0,0.002867363393,-13.01907635,6.496906281e-06,1.242870212,0.9187881947,0.9027889967,207.743042,7.826082706,Setup
24,Setup,-88.11501312,-10.2888422,0.05372599512,-479.0180359,-1.304084778,0,1155.356201,955.3562012,-921.8775024,-921.8775024,0,0.001054562628,-5.700341225,8.770823479e-05,1.229205012,0.9051229954,0.8891237974,205.7431641,5.825081825,Wait
25,Wait,-89.08673859,-11.06812763,0.05163823441,0,0,0,1140.666016,940.6660156,-918.3353882,-918.3353882,0,0.003304529935,-5.441836834,0.0001170635223,1.213726878,0.8896448612,0.8736456633,205.026947,5.10768795,Wait
26,Wait,-88.23313904,-11.16869926,0.05163150653,0,0,0,1126.05957,926.0595703,-914.6973267,-914.6973267,0,0.003332670778,-6.444914818,-1.913309097e-05,1.197574139,0.8734921217,0.8574929237,204.8786469,4.958171844,Wait
27,Wait,-88.2143631,-11.33037376,0.05163141713,0,0,0,1111.537109,911.5371094,-910.9674683,-910.9674683,0,0.003366537392,-6.623892307,-0.0001525878906,1.18166244,0.8575804234,0.8415812254,204.7181702,4.796426773,Wait
82,Wait,-105.4618607,-12.50745964,0.05163014308,0,0,0,423.2045898,223.2046509,-685.3944702,-685.3943481,0,0.003603879362,10.57859421,0.0001254677773,0.3392982781,0.01521629095,-0.0007829070091,204.6430969,4.638448715,Wait
83,Wait,-105.464325,-12.50705719,0.05163014308,0,0,0,412.5776062,212.5776825,-681.3504639,-681.3503418,0,0.003603782505,10.58139896,0.0001566410065,0.3238924444,-0.0001895427704,-0.01618874073,204.6434326,4.639007568,Kick
84,Kick,-103.9766159,-12.50530148,0.0543108359,111.5914154,-5.81159544,0.2010518759,402.018219,202.01828,-677.3058472,-677.3057251,1,0.0009235590696,9.005852699,9.566545486e-06,0.3086302876,-0.0154516995,-0.03145089746,204.5579834,4.553782463,Kick
85,Kick,-100.9004059,-12.5029726,0.05498100817,202.6274567,-11.00584602,0,391.5263672,191.5264282,-673.2607422,-673.2605591,2,0.0002546198666,5.747141361,-7.739663124e-05,0.2935226262,-0.03055936098,-0.04655855894,204.3804474,4.37650013,Kick
86,Kick,-96.48007965,-12.50049782,0.05540539697,280.5049744,-15.30985832,0.0318290703,381.1020813,181.1021423,-669.2150879,-669.2149048,3,-0.0001678206027,1.063988209,-8.950382471e-05,0.2785465419,-0.04553544521,-0.06153464317,204.1247253,4.121002197,Kick
144,Kick,1482.980713,-345.9060974,-0.2719215453,4031.421143,505.8101807,1.984866142,4209.323242,43.47348404,5877.42041,34.42737198,61,0.3515643477,4765.137207,0.005096435547,0.3998720646,0.07579007745,0.05979087949,6532.0625,57.07443237,Kick
145,Kick,1532.354126,-346.5142517,-0.2249376178,4020.598633,435.2723999,2.185918093,4306.135254,44.04056931,5871.652832,34.39358521,62,0.3065362275,4646.399414,0.008880615234,0.3712500036,0.04716801643,0.03116881847,6462.294434,56.66610718,Kick
0,Setup,100,0,0,0,0,0,1732.561646,1332.561646,-969.6967163,-969.6967163,0,0.05263258517,17.12259102,6.300210953e-05,1.73362422,1.409542203,1.393543005,416.6834412,16.68334007,Setup
1,Setup,100,0,0.002037148923,0,0,0.2010518759,1716.0625,1316.0625,-969.6967163,-969.6967163,0,0.05059543625,17.12249947,6.210803986e-05,1.703734636,1.379652619,1.363653421,416.6833496,16.68333435,Setup
2,Setup,100,0,0.00831090007,0,0,0.2509666681,1699.56604,1299.56604,-969.6755371,-969.6755371,0,0.04432168603,17.12249947,6.210803986e-05,1.674298882,1.350216866,1.334217668,416.6833496,16.68333435,Setup
83,Setup,100,0,0.03387923911,0,0,0,612.5776978,212.5776825,-681.3502197,-681.3502808,0,0.01875334606,17.12699127,6.228685379e-05,0.3039861321,-0.020095855,-0.03609505296,416.6878357,16.68357086,Setup
84,Setup,100,0,0.03387923911,0,0,0,602.0182495,202.01828,-677.3056641,-677.3056641,0,0.01875334606,17.1266861,6.121397018e-05,0.288572669,-0.03550931811,-0.05150851607,416.6875305,16.6835537,Kick
85,Kick,101.9967804,0.001873499132,0.03655993193,149.6706543,-5.132919312,0.2010518759,591.5264282,191.5264282,-673.260498,-673.260498,1,0.01607224345,15.01758003,6.33597374e-05,0.2733405232,-0.0507414639,-0.06674066186,416.578125,16.57434273,Kick
86,Kick,106.0643234,0.01265376993,0.04259148613,267.441803,-9.978947639,0.4021037817,581.1021729,181.1021423,-669.2148438,-669.2148438,2,0.01003833115,10.72811604,-6.288290024e-05,0.2582850754,-0.06579691172,-0.08179610968,416.3621826,16.35860634,Kick
87,Kick,111.8299637,0.03942061216,0.0490609929,365.2011719,-15.309268,0.3846868277,570.7454224,170.7454224,-665.1687012,-665.1687012,3,0.003562986851,4.659454823,-5.319714546e-05,0.243361026,-0.08072096109,-0.09672015905,416.067688,16.06436157,Kick
143,Kick,1389.654541,97.49570465,0.1583749354,3899.131104,-916.0158081,-2.602850676,4221.290039,32.14448929,5811.705566,70.80812836,59,-0.612701416,-78.00981903,0.0001373291016,0.4591406286,0.1350586414,0.1190594435,1589.125366,0.07382202148,Kick
144,Kick,1424.959106,95.43341064,0.1188468114,3922.842773,-833.7719727,-2.803902626,4316.791504,32.77309418,5805.157227,68.82992554,60,-0.572940588,-84.22412872,0.002880096436,0.4713213742,0.147239387,0.1312401891,1618.869263,0.786315918,Kick
0,Setup,100,0,0,0,0,0,1899.56604,1299.56604,-969.6754761,-969.6754761,0,0.02917972207,215.2521515,2.241134644e-05,1.677233458,1.353151441,1.337152243,615.0327759,15.03280354,Setup
1,Setup,100.9502106,0.0377250202,0.004556813743,47.97774124,1.380581498,0.2010518759,1883.079834,1283.079834,-969.5847168,-969.5847168,0,0.0246144291,214.3071594,2.717971802e-05,1.648337841,1.324255824,1.308256626,615.0385742,15.03860378,Setup
2,Setup,102.2161331,0.0912130028,0.01080380939,95.96602631,2.35738945,0.4021037817,1866.618042,1266.618042,-969.3534546,-969.3534546,0,0.01835540868,213.0512238,3.290176392e-05,1.620214701,1.296132684,1.280133486,615.0492554,15.04929924,Setup
24,Setup,302.3275757,7.457754135,0.02205848694,641.3069458,4.78663826,0,1569.531494,969.5314941,-847.2337646,-847.2337646,0,0.005365964025,13.76963997,-8.9854002e-05,1.410987496,1.086905479,1.070906281,615.979248,16.06154633,Setup
25,Setup,312.6449585,8.191322327,0.02206574194,593.3109131,4.397595406,0,1554.090088,954.0900879,-850.6935425,-850.6935425,0,0.005181385204,3.856226444,-8.337944746e-05,1.370550275,1.046468258,1.03046906,616.3884277,16.46942329,Wait
26,Wait,314.3012695,8.346646309,0.02205989882,0,0,0,1538.676636,938.6766968,-853.8601685,-853.8601685,0,0.02866524085,10.08758163,-0.0001794695854,1.318653107,0.9945710897,0.9785718918,623.9899902,24.06895828,Wait
27,Wait,314.125885,7.977220535,0.02396468073,0,0,0.143326208,1523.30896,923.3088379,-856.6865234,-856.6865234,0,0.02684496343,9.913454056,-9.214878082e-05,1.283970237,0.9598882198,0.9438890219,623.6394043,23.71694565,Wait
28,Wait,314.0359497,7.968809128,0.02621809766,0,0,0.132791549,1508.002197,908.0021362,-859.135437,-859.135437,0,0.02459349111,10.00158119,-0.0001089572906,1.250498056,0.9264160395,0.9104168415,623.6374512,23.71359634,Wait
81,Wait,335.3231812,8.44539547,0.03081058711,0,0,0,833.868103,233.8684998,-689.2719116,-689.2713013,0,0.01988240331,-11.90536785,4.225969315e-05,0.3244175613,0.0003355741501,-0.01566362381,623.0477295,23.04356194,Wait
82,Wait,335.3314209,8.445131302,0.03081058711,0,0,0,823.1856689,223.1860199,-685.1953735,-685.1948242,0,0.01988246292,-11.91453552,2.682209015e-05,0.3090298474,-0.01505213976,-0.03105133772,623.046814,23.04283524,Kick
83,Kick,336.839447,8.446304321,0.03349127993,112.4971619,-3.512477636,0.2010518759,812.5690918,212.5694427,-681.1259766,-681.1254883,1,0.01720080897,-13.50449848,2.91466713e-05,0.2937648296,-0.03031715751,-0.04631635547,622.9669189,22.9631691,Kick
84,Kick,339.945343,8.454240799,0.03952283412,204.1981354,-6.995804787,0.4021037817,802.0185547,202.0189514,-677.0629883,-677.062561,2,0.01116598397,-16.77371788,-0.0001274943352,0.278624326,-0.04545766115,-0.06145685911,622.8078613,22.80437279,Kick
85,Kick,344.4031372,8.475373268,0.04656331241,282.6105347,-11.02134514,0.4275097251,791.5342407,191.5345917,-673.0054932,-673.005127,3,0.004118610173,-21.45577621,-5.877017975e-05,0.2635765076,-0.06050547957,-0.07650467753,622.5897217,22.5864296,Kick
138,Kick,1714.405151,-264.988678,-0.3758032322,4011.639648,782.7385864,1.207646012,4264.142578,55.21234131,5920.338867,21.25679779,56,0.4361158013,5186.840332,-0.01651000977,0.5017249584,0.1776429713,0.1616437733,7191.27002,65.71963501,Kick
139,Kick,1748.314575,-281.2685242,-0.3610436916,4001.606689,735.550293,1.408697844,4361.760254,55.56283188,5914.934082,21.23738861,57,0.4281358123,4859.779297,0.009307861328,0.4340020418,0.1099200547,0.09392085671,6896.484375,64.66156006,Kick
0,Setup,100,0,0,0,0,0,1142.263428,1632.047974,-685.6791382,-1187.631104,0,0.06490443647,-195.9479218,0,1.754133582,1.430051565,1.414052367,203.8329926,6.748702049,Setup
1,Setup,99.51876831,-0.03158023208,0.002037635539,-47.89777756,-3.093913555,0.2010518759,1130.596802,1611.840698,-685.6791382,-1187.631104,0,0.06287366897,-195.4645691,-2.861022949e-06,1.723972321,1.399890304,1.383891106,203.8340454,6.749184132,Setup
2,Setup,97.45891571,-0.2017777264,0.01133853197,-95.81292725,-5.912278652,0.4021037817,1118.931885,1591.636719,-685.6641846,-1187.605225,0,0.05360978842,-193.4189301,-2.002716064e-05,1.694325805,1.370243788,1.35424459,203.8152771,6.715599537,Setup
23,Setup,-80.70702362,-10.75698566,0.0680160448,-550.7173462,0.6592063904,0,885.9851685,1188.161011,-654.3010254,-1133.282349,0,-0.0008623301983,-13.81715584,-2.336502075e-05,1.244321227,0.9202392101,0.9042400122,204.83078,8.446789742,Setup
24,Setup,-90.32829285,-13.45624161,0.07040978968,-502.7197876,0.5956840515,0,875.5388184,1170.067383,-651.8659668,-1129.064819,0,-0.002697512507,-5.298626423,-0.0001196265221,1.230017781,0.9059357643,0.8899365664,203.6977386,6.483295441,Wait
25,Wait,-91.35650635,-14.26292419,0.06826864928,0,0,0,865.1513062,1152.075806,-649.3614502,-1124.726807,0,-0.0003886967897,-4.677825451,0.0001235604286,1.214325547,0.8902435303,0.8742443323,203.285553,5.768262863,Wait
26,Wait,-90.4695282,-14.35643005,0.06826172769,0,0,0,854.822937,1134.186523,-646.7890015,-1120.27124,0,-0.0003616809845,-5.654770851,8.997321129e-05,1.198134303,0.8740522861,0.8580530882,203.1974335,5.614360809,Wait
27,Wait,-90.44824982,-14.51814651,0.06826160103,0,0,0,844.5539551,1116.400146,-644.1516724,-1115.703247,0,-0.0003278106451,-5.767172813,-3.880262375e-05,1.182172656,0.8580906391,0.8420914412,203.105896,5.45479393,Wait
83,Wait,-107.9754562,-15.90936565,0.06826028228,0,0,0,350.315033,260.3526306,-481.7872925,-834.4807129,0,-4.862993956e-05,11.78536606,0.0001366734505,0.3243553936,0.0002734065056,-0.01572579145,203.0848389,5.341677666,Wait
84,Wait,-107.9788589,-15.90914726,0.06826028228,0,0,0,342.8483887,247.4200287,-478.9273682,-829.5271606,0,-4.869699478e-05,11.78899097,0.0001555085182,0.3089511693,-0.01513081789,-0.03113001585,203.0850525,5.342140198,Kick
85,Kick,-106.2503128,-15.90893173,0.06817911565,129.5658722,-8.856381416,-0.00608742889,335.4295349,234.5701904,-476.0670471,-824.572937,1,3.366172314e-05,9.985622406,7.957220078e-05,0.2937149405,-0.03036704659,-0.04636624455,203.0144043,5.219734192,Kick
86,Kick,-102.7038574,-15.9088583,0.06829609722,233.1747894,-15.92757988,0.01029535662,328.0584106,221.8030701,-473.2063599,-819.618042,2,-8.080899715e-05,6.285316944,-0.0001083314419,0.2786554098,-0.04542657733,-0.06142577529,202.8691101,4.968174934,Kick
87,Kick,-97.64657593,-15.90842533,0.0680584535,320.2993469,-21.89386559,-0.02039698511,320.7351379,209.1186981,-470.3453064,-814.6625977,3,0.000160343945,1.009113312,-1.674890518e-05,0.2637419999,-0.06033998728,-0.07633918524,202.662384,4.610114098,Kick
146,Kick,1533.819092,-287.0339355,-0.1002849787,3994.998047,269.2056274,2.052848101,4251.46875,78.26952362,5783.02002,87.03799438,62,0.1626714617,6554.054199,0.01272583008,0.7287409306,0.4046589434,0.3886597455,8374.538086,140.3017883,Kick
147,Kick,1578.346558,-292.2119141,-0.07335880399,3996.926514,205.0163727,1.851796269,4346.679199,79.70249939,5777.139648,86.94949341,63,0.138820827,6250.224121,0.1179199219,0.6653680801,0.341286093,0.325286895,8114.533203,136.3905029,Kick
0,Setup,100,0,0,0,0,0,1342.263428,1632.047974,-685.6791382,-1187.631104,0,0.06490443647,12.28872299,3.457069397e-06,1.733930111,1.409848094,1.393848896,411.6311951,20.25469971,Setup
1,Setup,100,0,0.002037148923,0,0,0.2010518759,1330.596802,1611.840698,-685.6791382,-1187.631104,0,0.06286728382,12.28964043,1.192092896e-06,1.704035759,1.379953742,1.363954544,411.6320801,20.25475693,Setup
2,Setup,100,0,0.009129022248,0,0,0.3123258948,1318.931885,1591.636719,-685.6641846,-1187.605225,0,0.05577541515,12.29031277,1.37090683e-06,1.674595237,1.35051322,1.334514022,411.6327515,20.2548008,Setup
83,Setup,100,0,0.04501001909,0,0,0,550.3150635,260.3526306,-481.7874146,-834.4807129,0,0.01989441738,12.35502529,4.291534424e-06,0.3042221367,-0.01985985041,-0.03585904837,411.6973572,20.25900078,Setup
84,Setup,100,0,0.04501001909,0,0,0,542.8484497,247.4200287,-478.9274902,-829.5271606,0,0.01989441738,12.35502434,4.768371582e-07,0.2888085246,-0.03527346253,-0.05127266049,411.6973267,20.25899696,Kick
85,Kick,101.9968109,0.001873521716,0.04769071192,149.6066437,-6.798627377,0.2010518759,535.4295654,234.5701904,-476.0671692,-824.572937,1,0.01721332222,10.27699471,9.536743164e-07,0.2735753059,-0.0505066812,-0.06650587916,411.6204834,20.12596703,Kick
86,Kick,106.0643997,0.01265394222,0.05372226611,267.3166199,-12.95522022,0.4021037817,528.0584717,221.8030701,-473.2064819,-819.618042,2,0.0111794062,6.047897339,6.347894669e-06,0.2585200071,-0.06556198001,-0.08156117797,411.4679565,19.86174011,Kick
87,Kick,111.8299866,0.0406633243,0.06076906249,365.0028076,-19.40458679,0.4279834926,520.7351685,209.1186981,-470.3454285,-814.6625977,3,0.004126507789,0.06046139076,1.340638846e-05,0.2435981035,-0.08048388362,-0.09648308158,411.2588196,19.49960709,Kick
143,Kick,1604.075684,217.0583801,0.2621656358,3883.092529,-970.0797119,-2.352203846,4200.913086,19.98406792,5701.945312,26.42478371,59,-0.7545342445,138.5731354,0.0009727478027,0.3922885656,0.06820657849,0.05220738053,1990.553711,9.739379883,Kick
144,Kick,1651.302979,220.7287598,0.22425659,3899.242188,-894.836853,-2.553255796,4295.682129,20.15579224,5699.306641,25.4634552,60,-0.7187380195,143.8607178,0.005805969238,0.4002613425,0.07617935538,0.06018015742,2041.998535,10.08856201,Kick
0,Setup,100,0,0,0,0,0,1542.263428,1632.047974,-685.6791382,-1187.631104,0,0.06490443647,220.5254517,3.814697266e-06,1.713906169,1.389824152,1.373824954,619.4294434,33.76070023,Setup
1,Setup,100.4812317,0.03158023208,0.002037635539,47.89777756,3.093913555,0.2010518759,1530.596802,1611.840698,-685.6791382,-1187.631104,0,0.0628599301,220.0418549,2.479553223e-05,1.684276342,1.360194325,1.344195127,619.4283447,33.75737,Setup
2,Setup,102.5410843,0.2017753273,0.01133855153,95.81292725,5.912278652,0.4021037817,1518.931885,1591.636719,-685.6641846,-1187.605225,0,0.0535219498,217.9873505,9.536743164e-05,1.655058503,1.330976486,1.314977288,619.439209,33.77523804,Setup
25,Setup,305.8143921,15.14430046,0.0676292628,535.5747681,-2.978996277,0,1265.151611,1152.075806,-649.3605347,-1124.726807,0,-0.006178822368,14.63547993,0.0001180171967,1.1769979,0.8529158831,0.8369166851,619.8560181,34.46673965,Setup
26,Setup,314.1490784,15.62923527,0.06763442606,487.5778503,-2.724391937,0,1254.823242,1134.186523,-646.788147,-1120.27124,0,-0.006301544607,6.245401382,0.0002573430538,1.160711169,0.8366291523,0.8206299543,619.8186035,34.40063095,Wait
27,Wait,315.5535583,15.63967609,0.06763339788,0,0,0,1244.554443,1116.400146,-644.1508179,-1115.703247,0,-0.006304062903,4.7927742,0.0001779198647,1.144655585,0.8205735683,0.8045743704,619.7733154,34.32087708,Wait
28,Wait,315.2306824,15.7980814,0.06763646007,0,0,0,1234.344727,1098.716553,-641.4525146,-1111.029541,0,-0.006343107671,5.216760635,0.0004087388515,1.128468752,0.804386735,0.788387537,619.8742676,34.49453735,Wait
29,Wait,315.1412354,15.82461929,0.0676350221,0,0,0,1224.194092,1081.135254,-638.697998,-1106.258545,0,-0.006347667426,5.324829578,0.0002073049545,1.112643361,0.7885613441,0.7725621462,619.8928223,34.52566528,Wait
80,Wait,331.0301819,17.11104393,0.06763452291,0,0,0,773.00177,299.6468201,-490.3647461,-849.3373413,0,-0.006655827165,-10.42307281,0.0002739429474,0.3310841918,0.007002204657,-0.008996993303,620.0688477,34.75839996,Wait
81,Wait,331.0350647,17.11145592,0.06763452291,0,0,0,765.3918457,286.4660339,-487.5059814,-844.3858032,0,-0.006655946374,-10.42796326,0.0003093481064,0.3156572282,-0.008424758911,-0.02442395687,620.0688477,34.7585144,Kick
82,Kick,332.5084839,17.11044312,0.06495383382,109.9333344,-7.402242661,-0.2010518759,757.8297119,273.367981,-484.6468506,-839.4335938,1,-0.003976393491,-11.95901871,8.755922318e-05,0.3003579676,-0.02372401953,-0.03972321749,620.0140991,34.66365051,Kick
83,Kick,335.5505676,17.1055851,0.06141859293,199.9025726,-12.92590904,-0.2148798853,750.3153076,260.3526306,-481.7873535,-834.4807129,2,-0.0004428625107,-15.12151432,4.172325134e-05,0.2851980925,-0.03888389468,-0.05488309264,619.8996582,34.46553802,Kick
84,Kick,339.9234009,17.09825706,0.06051795185,277.0860901,-17.30609322,-0.01382800937,742.8486328,247.4200287,-478.9274597,-829.5271606,3,0.000455416739,-19.66727448,0.000158905983,0.2701552212,-0.05392676592,-0.06992596388,619.7351685,34.18065643,Kick
137,Kick,1717.232788,158.7302704,0.2587561905,3955.883545,-699.7509766,-1.12344861,4225.901367,58.12367249,5881.637695,-2.996212721,56,-0.2853424251,3509.881592,0.007469177246,0.2224499583,-0.1016320288,-0.1176312268,5525.768555,57.45922089,Kick
138,Kick,1765.762939,168.2547455,0.2397674322,3959.140137,-661.7785645,-1.324500442,4322.874023,58.07427597,5876.232422,-2.993459463,57,-0.2707093656,3279.130127,0.02548980713,0.1745239645,-0.1495580226,-0.1655572206,5343.180664,57.55272675,Kick
0,Setup,100,0,0,0,0,0,687.7514038,1820.31311,-354.9336548,-1324.630371,0,0.0672224462,-197.8664398,-2.861022949e-06,1.754969001,1.430886984,1.414887786,201.9028778,6.860495567,Setup
1,Setup,99.5188446,-0.03268751502,0.002037635306,-47.89053345,-3.204116583,0.2010518759,681.7122803,1797.77478,-354.9336548,-1324.630371,0,0.06519198418,-197.384903,-4.768371582e-06,1.724797368,1.400715351,1.384716153,201.9021301,6.860885143,Setup
2,Setup,97.45933533,-0.2085480541,0.01133847237,-95.79906464,-6.132725716,0.4021037817,675.6741333,1775.240112,-354.9259338,-1324.601562,0,0.0559296906,-195.3303223,-2.479553223e-05,1.695136189,1.371054173,1.355054975,201.8923035,6.827056408,Setup
23,Setup,-82.31173706,-11.07551956,0.06674880534,-569.1124878,-1.40278244,0,555.092041,1325.22168,-338.6908569,-1264.011597,0,0.002807714045,-14.60417843,-0.0001268386841,1.245060444,0.9209784269,0.904979229,202.3939819,8.759490967,Setup
24,Setup,-92.19804382,-13.84138775,0.06919147074,-521.1149902,-1.291015625,0,549.6846313,1305.041016,-337.4303894,-1259.307495,0,0.000941708684,-5.204547882,5.125999451e-05,1.230467081,0.9063850641,0.8903858662,201.8726959,6.816660881,Wait
25,Wait,-93.27088928,-14.6592865,0.06700132787,0,0,0,544.3077393,1284.973999,-336.1339111,-1254.468994,0,0.003303155303,-4.315519333,6.532669067e-05,1.214666486,0.8905844688,0.8745852709,201.6831512,6.111602783,Wait
26,Wait,-92.35852814,-14.74777317,0.06699421257,0,0,0,538.9613647,1265.021118,-334.8023682,-1249.499512,0,0.003329463303,-5.27068615,1.782178879e-05,1.198450565,0.8743685484,0.8583693504,201.6423035,5.961613655,Wait
27,Wait,-92.33597565,-14.91006947,0.06699409336,0,0,0,533.645752,1245.182983,-333.4371948,-1244.404541,0,0.003363750875,-5.335448265,4.005432129e-05,1.1824646,0.8583825827,0.8423833847,201.5995483,5.804833412,Wait
83,Wait,-108.5513077,-16.22741508,0.0669927299,0,0,0,277.8087463,290.3872375,-249.3915558,-930.7409668,0,0.003630250692,10.85406303,4.011392593e-05,0.3246622682,0.0005802810192,-0.01541891694,201.5278625,5.707818985,Wait
84,Wait,-108.5552673,-16.22722054,0.0669927299,0,0,0,273.9437256,275.9628296,-247.9111328,-925.2159424,0,0.003630205989,10.85821724,5.167722702e-05,0.3092582226,-0.01482376456,-0.03082296252,201.5280457,5.708307266,Kick
85,Kick,-106.7562103,-16.22535515,0.069673419,134.8860474,-9.104409218,0.2010518759,270.1034241,261.6307068,-246.4305115,-919.6901855,1,0.0009504556656,9.020386696,-0.0002380609512,0.2940115035,-0.03007048368,-0.04606968164,201.4938507,5.580486298,Kick
86,Kick,-103.0716553,-16.22273636,0.07034359127,242.1896667,-16.88630295,0,266.2878723,247.3908691,-244.949707,-914.1636963,2,0.0002824142575,5.257480621,0.0002770423889,0.2789290547,-0.04515293241,-0.06115213037,201.4248047,5.31873703,Kick
87,Kick,-97.82675934,-16.21871185,0.0708143115,332.0692139,-23.2427597,0.03530354425,262.4970703,233.2433624,-243.4687042,-908.6365356,3,-0.0001853257418,-0.1008256376,-5.074217916e-05,0.263984412,-0.06009757519,-0.07609677315,201.324707,4.945203781,Kick
146,Kick,1474.390503,-230.9042511,-0.02581627667,3999.602539,73.5432663,1.254271388,4204.868652,39.30731583,5719.22168,27.91193771,62,0.06825150549,6542.561523,-0.0341796875,0.7341095805,0.4100275934,0.3940283954,8310.793945,59.34013367,Kick
147,Kick,1517.17627,-233.5354919,-0.01166835148,3999.964355,34.18109894,1.15749073,4299.016113,39.7667923,5713.34082,27.88323784,63,0.05597685277,6288.472656,0.01345825195,0.6790063977,0.3549244106,0.3389252126,8099.181641,58.30776978,Kick
0,Setup,100,0,0,0,0,0,887.7514038,1820.31311,-354.9336548,-1324.630371,0,0.0672224462,6.268276691,-6.318092346e-06,1.736564875,1.412482858,1.39648366,405.5765381,20.57259369,Setup
1,Setup,100,0,0.002037148923,0,0,0.2010518759,881.7122803,1797.77478,-354.9336548,-1324.630371,0,0.06518529356,6.267481327,-6.318092346e-06,1.706637263,1.382555246,1.366556048,405.5757446,20.57254028,Setup
2,Setup,100,0,0.009283556603,0,0,0.3239159584,875.6741333,1775.240112,-354.9259338,-1324.601562,0,0.05793888867,6.266624928,-6.020069122e-06,1.677164197,1.35308218,1.337082982,405.5748901,20.57248306,Setup
3,Setup,100,0,0.01365910564,0,0,0.2864552736,869.6397095,1752.719482,-354.8928528,-1324.478027,0,0.0535633415,6.265768528,-5.722045898e-06,1.648278594,1.324196577,1.308197379,405.5740356,20.57242584,Setup
4,Setup,100,0,0.01760460809,0,0,0.2649521828,863.6142578,1730.232056,-354.8085022,-1324.16333,0,0.04961783811,6.264942646,-5.543231964e-06,1.620172381,1.296090364,1.280091166,405.5732117,20.57237053,Wait
5,Wait,100,0,0.02121872082,0,0,0.2454396784,857.6049194,1707.80481,-354.6433716,-1323.547241,0,0.04600372538,6.264147282,-5.513429642e-06,1.593052983,1.268970966,1.252971768,405.5724182,20.57231712,Wait
6,Wait,100,0,0.02719752491,0,0,0.2275642306,851.6199951,1685.468872,-354.3714294,-1322.532349,0,0.0400249213,6.263352394,-7.420778275e-06,1.567088127,1.24300611,1.227006912,405.5716248,20.57226181,Wait
7,Wait,100,0,0.03503599018,0,0,0.1978489608,845.6671753,1663.252686,-353.9768066,-1321.059814,0,0.03218646348,6.26255703,-7.450580597e-06,1.542354822,1.218272805,1.202273607,405.5708313,20.57221031,Wait
6,Wait,100,0,0.02719752491,0,0,0.2275642306,851.6199951,1685.468872,-354.3714294,-1322.532349,0,0.0400249213,6.263352394,-7.420778275e-06,1.567088127,1.24300611,1.227006912,405.5716248,20.57226181,Wait
7,Wait,100,0,0.03503599018,0,0,0.1978489608,845.6671753,1663.252686,-353.9768066,-1321.059814,0,0.03218646348,6.26255703,-7.450580597e-06,1.542354822,1.218272805,1.202273607,405.5708313,20.57221031,Wait
146,Kick,1474.390503,-230.9042511,-0.02581627667,3999.602539,73.5432663,1.254271388,4204.868652,39.30731583,5719.22168,27.91193771,62,0.06825150549,6542.561523,-0.0341796875,0.7341095805,0.4100275934,0.3940283954,8310.793945,59.34013367,Kick
147,Kick,1517.17627,-233.5354919,-0.01166835148,3999.964355,34.18109894,1.15749073,4299.016113,39.7667923,5713.34082,27.88323784,63,0.05597685277,6288.472656,0.01345825195,0.6790063977,0.3549244106,0.3389252126,8099.181641,58.30776978,Kick
0,Setup,100,0,0,0,0,0,887.7514038,1820.31311,-354.9336548,-1324.630371,0,0.0672224462,6.268276691,-6.318092346e-06,1.736564875,1.412482858,1.39648366,405.5765381,20.57259369,Setup
146,Kick,1474.390503,-230.9042511,-0.02581627667,3999.602539,73.5432663,1.254271388,4204.868652,39.30731583,5719.22168,27.91193771,62,0.06825150549,6542.561523,-0.0341796875,0.7341095805,0.4100275934,0.3940283954,8310.793945,59.34013367,Kick
147,Kick,1517.17627,-233.5354919,-0.01166835148,3999.964355,34.18109894,1.15749073,4299.016113,39.7667923,5713.34082,27.88323784,63,0.05597685277,6288.472656,0.01345825195,0.6790063977,0.3549244106,0.3389252126,8099.181641,58.30776978,Kick
0,Setup,100,0,0,0,0,0,887.7514038,1820.31311,-354.9336548,-1324.630371,0,0.0672224462,6.268276691,-6.318092346e-06,1.736564875,1.412482858,1.39648366,405.5765381,20.57259369,Setup
1,Setup,100,0,0.002037148923,0,0,0.2010518759,881.7122803,1797.77478,-354.9336548,-1324.630371,0,0.06518529356,6.267481327,-6.318092346e-06,1.706637263,1.382555246,1.366556048,405.5757446,20.57254028,Setup
2,Setup,100,0,0.009283556603,0,0,0.3239159584,875.6741333,1775.240112,-354.9259338,-1324.601562,0,0.05793888867,6.266624928,-6.020069122e-06,1.677164197,1.35308218,1.337082982,405.5748901,20.57248306,Setup
3,Setup,100,0,0.01365910564,0,0,0.2864552736,869.6397095,1752.719482,-354.8928528,-1324.478027,0,0.0535633415,6.265768528,-5.722045898e-06,1.648278594,1.324196577,1.308197379,405.5740356,20.57242584,Setup
4,Setup,100,0,0.01760460809,0,0,0.2649521828,863.6142578,1730.232056,-354.8085022,-1324.16333,0,0.04961783811,6.264942646,-5.543231964e-06,1.620172381,1.296090364,1.280091166,405.5732117,20.57237053,Wait
5,Wait,100,0,0.02121872082,0,0,0.2454396784,857.6049194,1707.80481,-354.6433716,-1323.547241,0,0.04600372538,6.264147282,-5.513429642e-06,1.593052983,1.268970966,1.252971768,405.5724182,20.57231712,Wait
6,Wait,100,0,0.02719752491,0,0,0.2275642306,851.6199951,1685.468872,-354.3714294,-1322.532349,0,0.0400249213,6.263352394,-7.420778275e-06,1.567088127,1.24300611,1.227006912,405.5716248,20.57226181,Wait
7,Wait,100,0,0.03503599018,0,0,0.1978489608,845.6671753,1663.252686,-353.9768066,-1321.059814,0,0.03218646348,6.26255703,-7.450580597e-06,1.542354822,1.218272805,1.202273607,405.5708313,20.57221031,Wait
81,Wait,100,0,0.05244550109,0,0,0,485.6129456,319.5128784,-252.3517914,-941.7886963,0,0.01477693021,6.201169491,-7.510185242e-06,0.3374991715,0.01341718435,-0.002582013607,405.5095825,20.5680809,Wait
82,Wait,100,0,0.05244550109,0,0,0,481.6984863,304.9039307,-250.8717499,-936.2651978,0,0.01477693021,6.201261044,-7.927417755e-06,0.32208395,-0.0019980371,-0.01799723506,405.5096741,20.56808662,Kick
83,Kick,101.6025314,0.001503587468,0.05512619391,120.0223389,-6.348803043,0.2010518759,477.8087463,290.3872375,-249.3915253,-930.7409668,1,0.01209590957,4.566030025,-4.976987839e-06,0.3068011701,-0.01728081703,-0.03328001499,405.4806824,20.45965004,Kick
84,Kick,104.9002609,0.01018884778,0.0611577481,216.9440308,-12.13463974,0.4021037817,473.9437256,275.9628296,-247.9111176,-925.2159424,2,0.006062440574,1.202338338,-2.257525921e-06,0.2916517854,-0.03243020177,-0.04842939973,405.4223633,20.24181938,Kick
85,Kick,109.6197662,0.0275589712,0.0651787892,299.1034241,-18.01055145,0.2010519207,470.1034241,261.6307068,-246.4304962,-919.6901855,3,0.002037607133,-3.610310078,8.046627045e-07,0.2766115963,-0.0474703908,-0.06346958876,405.3401489,19.93480873,Kick
142,Kick,1656.556396,-244.9939728,-0.1325854212,4017.007812,196.3024902,2.031306744,4243.103027,54.25243759,5763.27832,10.35258293,60,0.184289813,5605.265137,0.002960205078,0.5846617222,0.260579735,0.2445805371,7553.929688,60.20106506,Kick
143,Kick,1703.980835,-247.4160309,-0.095683828,4012.018066,130.056366,2.038044214,4338.012695,54.42292404,5757.510254,10.34221745,61,0.1495640129,5407.556641,-0.02911376953,0.5411298275,0.2170478404,0.2010486424,7403.256836,59.93031311,Kick
0,Setup,100,0,0,0,0,0,1087.751343,1820.31311,-354.9336548,-1324.630371,0,0.0672224462,210.4028931,-6.675720215e-06,1.718310118,1.394228101,1.378228903,609.2501221,34.28468704,Setup
1,Setup,100.4811554,0.03268751502,0.002037635306,47.89053345,3.204116583,0.2010518759,1081.71228,1797.77478,-354.9336548,-1324.630371,0,0.06517762691,209.9187927,7.629394531e-06,1.688623905,1.364541888,1.34854269,609.2484741,34.28121948,Setup
2,Setup,102.5406647,0.2085455656,0.01133849192,95.79906464,6.132725716,0.4021037817,1075.674194,1775.240112,-354.9259033,-1324.601562,0,0.05583817884,207.8573151,9.346008301e-05,1.659354925,1.335272908,1.31927371,609.2525024,34.29914856,Setup
25,Setup,303.7191467,15.22948742,0.06632033736,509.561615,-0.4143714905,0,944.3078003,1284.973999,-336.133728,-1254.468994,0,0.01736650616,8.39259243,0.0003669857979,1.173993349,0.8499113321,0.8339121342,611.0324707,41.00814438,Setup
26,Setup,311.57901,15.72200108,0.06632543355,461.5645752,-0.1842842102,0,938.9614868,1265.021118,-334.8021851,-1249.499512,0,0.01724348217,0.4455842376,-0.0003841295838,1.157863736,0.8337817192,0.8177825212,610.9761353,40.80031586,Wait
27,Wait,312.9268799,15.74346924,0.06632445753,0,0,0,933.645874,1245.182983,-333.4370117,-1244.404541,0,0.01723846793,-0.9333968163,-0.0003014355898,1.141816378,0.8177343607,0.8017351627,610.9499512,40.70497513,Wait
28,Wait,312.6370544,15.89898586,0.0663272664,0,0,0,928.3609619,1225.459473,-332.0402832,-1239.19165,0,0.01720068604,-0.5976399779,-7.015094161e-05,1.125654578,0.8015725613,0.7855733633,610.9955444,40.87831116,Wait
29,Wait,312.5690002,15.92874908,0.06632591039,0,0,0,923.1065674,1205.850098,-330.6144714,-1233.870361,0,0.01719533652,-0.5211930275,-0.0003366917372,1.10983026,0.7857482433,0.7697490454,611.0039062,40.91218567,Wait
80,Wait,321.4966125,16.82771873,0.06632537395,0,0,0,689.5521851,334.2141113,-253.8316193,-947.3115234,0,-0.002986617386,-11.50825024,0.0004101395607,0.3354818523,0.01139986515,-0.004599332809,609.4098511,35.08862305,Wait
81,Wait,321.5022888,16.82816124,0.06632537395,0,0,0,685.6129761,319.5128784,-252.3517914,-941.7886963,0,-0.002986736596,-11.51452065,-0.0001032352448,0.3200577199,-0.004024267197,-0.02002346516,609.4093018,35.08811951,Kick
82,Kick,322.9882812,16.82716751,0.06365178525,110.830925,-7.317059994,-0.2005190253,681.6985474,304.9039307,-250.8717957,-936.2651978,1,-0.0003142803907,-13.0298357,0.0002211928368,0.3047502935,-0.01933169365,-0.03533089161,609.3829956,34.99121094,Kick
83,Kick,326.0540161,16.82553291,0.06299049407,201.414978,-12.84761429,0.0005328506231,677.8087769,290.3872375,-249.3915863,-930.7409668,2,0.000344581902,-16.15593529,0.0003678798676,0.2895680368,-0.03451395035,-0.05051314831,609.3289795,34.79116821,Kick
84,Kick,330.458313,16.82437706,0.06355949491,279.0055542,-17.76628685,0.04254203662,673.9437866,275.9628296,-247.9111633,-925.2159424,3,-0.0002281740308,-20.64644241,0.0003472566605,0.2744909227,-0.04959106445,-0.06559026241,609.2518311,34.50473022,Kick
138,Kick,1751.202271,155.2158356,0.2216350436,3961.489746,-628.4291992,-1.309541345,4274.546387,49.68030167,5817.347168,-31.39630318,57,-0.2476364523,4160.652344,-0.01445007324,0.3361000121,0.01201802492,-0.003981173038,6210.34668,39.23123932,Kick
139,Kick,1805.498901,162.9201813,0.1989949048,3965.418213,-584.7282715,-1.510593176,4370.421387,49.1628685,5811.835449,-31.36655617,58,-0.2288497239,3786.049316,0.01191711426,0.2634687126,-0.06061327457,-0.07661247253,5889.727539,40.96196747,Kick
0,Setup,100,0,0,0,0,0,1497.206421,1297.206421,-1393.960815,-1393.960815,0,0.09953831136,-188.352478,1.71661377e-05,1.011889696,0.6878076792,0.6718084812,211.0948792,11.09488201,Setup
1,Setup,99.52014923,-0.04821469262,0.002037632745,-47.76203537,-4.749493122,0.2010518759,1473.63623,1273.63623,-1393.960815,-1393.960815,0,0.09751049429,-187.8692169,5.722045898e-06,0.991402328,0.6673203707,0.6513211727,211.0957947,11.0957737,Setup
2,Setup,97.46659851,-0.303481698,0.01133759972,-95.55096436,-9.224205017,0.4021037817,1450.068481,1250.068481,-1393.939697,-1393.939697,0,0.08826237172,-185.8540955,3.814697266e-05,0.9710662961,0.6469843388,0.6309851408,211.0467987,11.04669571,Setup
22,Setup,-72.70328522,-19.61177444,0.1001332998,-602.9302979,-1.626853943,0,994.0664062,794.0665894,-1352.929932,-1352.929199,0,0.003243498504,-16.09604073,0.0002028942108,0.6135792732,0.2894972861,0.2734980881,209.6849976,9.685260773,Setup
23,Setup,-81.75871277,-17.53951454,0.09990566224,-554.9328003,-1.507820129,0,972.1396484,772.1400146,-1349.585327,-1349.584473,0,0.003058858216,-3.76426363,0.0001123845577,0.5943762064,0.2702942193,0.2542950213,212.9080963,12.90850067,Wait
24,Wait,-85.14706421,-19.91017723,0.1023311317,0,0,0,950.2952881,750.2955933,-1346.141724,-1346.140869,0,0.001093626022,-2.454662561,5.242228508e-05,0.579670608,0.2555886209,0.2395894229,210.8083191,10.80859756,Wait
25,Wait,-84.50003815,-20.64271164,0.1001419276,0,0,0,928.5340576,728.5343628,-1342.599731,-1342.598877,0,0.003426387906,-3.949822664,0.0001432001591,0.56399858,0.2399165928,0.2239173949,209.9637756,9.964065552,Wait
26,Wait,-83.60625458,-20.74880028,0.1001350433,0,0,0,906.8565063,706.8568115,-1338.961792,-1338.96106,0,0.003454759717,-5.063845634,0.000192463398,0.5478743911,0.2237924039,0.207793206,209.7488403,9.749156952,Wait
39,Wait,-112.4441986,-24.06425667,0.1001332998,95.99442291,0.3874721527,0,632.4368896,432.4371033,-1285.970825,-1285.970581,0,0.004074901342,23.8198185,-0.0001828670502,0.3396967649,0.0156147778,-0.0003844201565,209.6190033,9.619203568,Wait
40,Wait,-112.3466263,-24.07451248,0.1001332998,143.9916077,0.5835590363,0,611.8579712,411.8582153,-1281.716675,-1281.716553,0,0.004077002406,23.69938278,-0.0002474784851,0.323785007,-0.0002969801426,-0.0162961781,209.5967102,9.59703064,Kick
41,Kick,-110.9493866,-24.03525162,0.1028139889,209.5277252,-6.085300446,0.2010518759,591.3491211,391.3493347,-1277.465576,-1277.465454,1,0.001390084624,22.17237282,-7.462501526e-05,0.3079517484,-0.01613023877,-0.03212943673,209.4754181,9.475624084,Kick
42,Kick,-108.2809219,-23.96870422,0.1034841612,271.1729736,-12.77440357,0,570.9094849,370.9096985,-1273.220581,-1273.220459,2,0.0007096454501,19.24694633,0.0001757144928,0.2922122478,-0.03186973929,-0.04786893725,209.2346497,9.234870911,Kick
43,Kick,-104.3031998,-23.86937714,0.104666926,330.0627136,-18.9493103,0.08871011436,550.5383911,350.5386047,-1268.983887,-1268.983765,3,-0.0004884377122,14.88613415,0.0002189874649,0.2765654325,-0.04751655459,-0.06351575255,208.8757019,8.875896454,Kick
99,Kick,1467.854004,-345.5401917,-0.2870184183,4006.419189,582.0609741,1.643114209,4259.817871,98.14543915,6098.232422,98.18066406,59,0.366176337,6026.522949,-0.00537109375,0.5860326886,0.2619507015,0.2459515035,7774.566895,154.7259521,Kick
100,Kick,1517.710815,-357.9719238,-0.2593941092,4006.904297,525.7644043,1.84416604,4360.328613,99.76365662,6092.539062,98.08901215,60,0.3443365097,5687.689453,0.02029418945,0.5203086138,0.1962266266,0.1802274287,7483.810059,150.0455627,Kick
0,Setup,100,0,0,0,0,0,1697.206421,1297.206421,-1393.960815,-1393.960815,0,0.09953831136,34.94257355,5.292892456e-05,0.9926006794,0.6685186625,0.6525194645,433.2846375,33.28464508,Setup
1,Setup,100.4798508,0.04822564498,0.002037632745,47.76192474,4.750583172,0.2010518759,1673.63623,1273.63623,-1393.960815,-1393.960815,0,0.09749087691,34.45668793,8.606910706e-05,0.9721999764,0.6481180191,0.6321188211,433.2813416,33.281353,Setup
2,Setup,102.5334091,0.3034467697,0.01133761834,95.55146027,9.219016075,0.4021037519,1650.068481,1250.068481,-1393.939697,-1393.939697,0,0.0881389752,32.42768478,-9.536743164e-07,0.9518717527,0.6277897358,0.6117905378,433.3176575,33.31770706,Setup
13,Setup,127.4069595,2.862805367,0.0674996078,0,0,0.171105057,1394.938965,994.9389038,-1379.105591,-1379.105591,0,0.03145309538,7.227086067,-2.121925354e-05,0.7464835644,0.4224015772,0.4064023793,433.131134,33.21414566,Setup
14,Setup,127.8308411,2.852116346,0.0706173256,0,0,0.1555544287,1372.308228,972.3082886,-1376.510376,-1376.510376,0,0.02833751589,6.745467663,0.0002126693726,0.7292459607,0.4051639736,0.3891647756,433.0756836,33.15676117,Wait
15,Wait,127.7244415,2.865342379,0.07296355814,0,0,0.1401320249,1349.758423,949.7584229,-1373.834351,-1373.834351,0,0.02598858625,6.879954815,0.0001676678658,0.7120396495,0.3879576623,0.3719584644,433.1032104,33.18240738,Wait
16,Wait,127.7723465,2.88442564,0.07520911098,0,0,0.1285416037,1327.286377,927.286377,-1371.084839,-1371.084839,0,0.0237391144,6.848367691,-2.986192703e-05,0.6949331164,0.3708511293,0.3548519313,433.119812,33.19697571,Wait
17,Wait,128.1054077,2.908173084,0.07499448955,0,0,0,1304.890869,904.8908081,-1368.263062,-1368.263062,0,0.02394881099,6.504064083,0.0002511143684,0.6779334545,0.3538514674,0.3378522694,433.1103516,33.18548965,Wait
38,Wait,129.148056,3.224904776,0.0798189044,0,0,0,853.0870972,453.0870972,-1290.223877,-1290.224121,0,0.01905947924,5.753412247,-1.591444016e-05,0.3359025419,0.01182055473,-0.004178643227,433.40802,33.40805054,Wait
39,Wait,129.1519318,3.227921009,0.0798189044,0,0,0,832.4371338,432.4371033,-1285.970215,-1285.970581,0,0.01905886829,5.752319813,-5.227327347e-05,0.3199662864,-0.004115700722,-0.02011489868,433.4108276,33.4107399,Kick
40,Kick,130.5262909,3.231888533,0.0824995935,102.490097,-8.239539146,0.2010518759,811.8582153,411.8582153,-1281.716187,-1281.716553,1,0.01637716591,4.223047733,-2.333521843e-05,0.3041514754,-0.01993051171,-0.03592970967,433.2634277,33.26346207,Kick
41,Kick,133.3831177,3.241734743,0.08853115141,187.6762085,-15.66325855,0.4021037817,791.3493652,391.3493347,-1277.465088,-1277.465454,2,0.01034317911,1.046261787,-1.163780689e-05,0.2884634733,-0.03561851382,-0.05161771178,432.9590454,32.95899582,Kick
42,Kick,137.5168762,3.262845755,0.09516307712,261.7368774,-23.08286858,0.3968681395,770.909668,370.9096985,-1273.220215,-1273.220459,3,0.003706276417,-3.543536186,-1.186132431e-05,0.2728770375,-0.05120494962,-0.06720414758,432.5255737,32.52556229,Kick
96,Kick,1535.131714,-289.7981262,-0.3223106265,4022.325684,605.4649658,1.302939296,4274.302734,81.039711,6127.881348,60.72848511,57,0.3855602145,6147.242188,-0.05447387695,0.6135678887,0.2894859016,0.2734867036,7969.48584,117.6611328,Kick
97,Kick,1578.5625,-301.0045166,-0.2985691428,4021.993652,559.7470703,1.503991127,4375.471191,82.04230499,6122.839844,60.67852783,58,0.3668714166,5789.695312,-0.07723999023,0.5437679887,0.2196860015,0.2036868036,7654.063477,114.5350952,Kick
0,Setup,100,0,0,0,0,0,1897.206421,1297.206421,-1393.960815,-1393.960815,0,0.09953831136,258.2376709,8.583068848e-05,0.9733897448,0.6493077278,0.6333085299,655.4744263,55.47441101,Setup
1,Setup,100.4798508,0.04821469262,0.002037632745,47.76203537,4.749493122,0.2010518759,1873.63623,1273.63623,-1393.960815,-1393.960815,0,0.09749087691,257.7490234,0.0001544952393,0.9530732632,0.6289912462,0.6129920483,655.468689,55.46868896,Setup
2,Setup,102.5334015,0.3034780025,0.01133761927,95.55096436,9.224205017,0.4021037817,1850.068481,1250.068481,-1393.939697,-1393.939697,0,0.08813896775,255.7057953,1.907348633e-06,0.9328366518,0.6087546349,0.5927554369,655.4919434,55.49207687,Setup
27,Setup,343.1192627,26.63986588,0.09888278693,632.8530884,-2.652153015,0,1285.262939,685.2631836,-1335.231934,-1335.231323,0,-0.005071945488,14.28844738,5.125999451e-05,0.4933910072,0.16930902,0.1533098221,656.0257568,56.08035278,Setup
28,Setup,352.7029114,27.80555916,0.09888750315,584.855957,-2.464736938,0,1263.753296,663.753479,-1331.415894,-1331.415405,0,-0.005340829492,4.859732628,-0.0001763403416,0.4770498276,0.1529678404,0.1369686425,656.2297363,56.28242493,Wait
29,Wait,354.4378662,28.00945091,0.09888481349,0,0,0,1242.327148,642.3273315,-1327.520264,-1327.52002,0,-0.0053845644,3.148127794,8.469820023e-05,0.4608994126,0.1368174255,0.1208182275,656.2618408,56.31267929,Wait
30,Wait,354.05896,28.36315727,0.09888919443,0,0,0,1220.983887,620.9840698,-1323.552856,-1323.552734,0,-0.005464613438,3.934271336,2.175569534e-06,0.4444847405,0.1204027534,0.1044035554,656.6678467,56.7168045,Wait
31,Wait,353.8843689,28.32954407,0.09888409823,0,0,0,1199.722534,599.7227173,-1319.521973,-1319.521851,0,-0.005452014506,4.095469952,1.308321953e-05,0.4284525812,0.104370594,0.08837139606,656.6534424,56.70051193,Wait
37,Wait,361.4433594,28.95560837,0.09888438135,0,0,0,1073.809082,473.809082,-1294.472534,-1294.4729,0,-0.005598433316,-3.6282897,-0.000282227993,0.3327362537,0.008654266596,-0.007344931364,656.5264893,56.56256104,Wait
38,Wait,364.8083496,29.37905502,0.09888438135,0,0,0,1053.087036,453.0870972,-1290.223877,-1290.224121,0,-0.005694910884,-6.919893742,-0.0003948807716,0.316722542,-0.007359445095,-0.02335864305,656.6168213,56.65113068,Kick
39,Kick,369.7849121,29.77602196,0.09620369226,98.05273438,-9.6877985,-0.2010518759,1032.437134,432.4371033,-1285.970215,-1285.970581,1,-0.003107614815,-12.02323151,0.0002596378326,0.3008669019,-0.02321508527,-0.03921428323,656.5146484,56.54708099,Kick
40,Kick,376.1617126,30.17221069,0.09351118654,178.0569916,-17.13704681,-0.1516746432,1011.858154,411.8582153,-1281.716187,-1281.716553,2,-0.0005107745528,-18.6448307,0.0004546642303,0.2851139009,-0.03896808624,-0.0549672842,656.3010254,56.3011055,Kick
41,Kick,383.6621094,30.56066704,0.09366396815,246.3080597,-23.33636093,0.04937721789,991.3494263,391.3493347,-1277.465088,-1277.465454,3,-0.000759549439,-26.55439949,-5.030632019e-05,0.2694752812,-0.0546067059,-0.07060590386,655.9284668,55.9283905,Kick
91,Kick,1514.291138,182.3907013,0.3920861185,2496.325928,-482.0447388,-0.5260652304,4315.939453,109.6344147,6255.730957,-2.842835426,53,-0.4228728414,2057.324707,0.01048278809,0.07134560496,-0.2527363896,-0.2687355876,3870.499023,109.8383179,Kick
92,Kick,1552.47644,194.9073792,0.3822506368,2610.52124,-516.2384644,-0.7271170616,4419.175293,109.5875015,6250.440918,-2.840427876,54,-0.4179635942,2083.389404,0.00186920166,0.07773431391,-0.2463476658,-0.2623468637,3934.346191,109.8094406,Kick
0,Setup,100,0,0,0,0,0,1117.263428,1588.746704,-985.6791382,-1707.246338,0,0.1281726211,-191.1343536,-1.71661377e-05,1.011675835,0.6875938177,0.6715946198,207.9726562,13.91540527,Setup
1,Setup,99.52172852,-0.06194939837,0.002037629485,-47.60628128,-6.116513252,0.2010518759,1100.596802,1559.87915,-985.6791382,-1707.246338,0,0.126147598,-190.6500092,-3.814697266e-05,0.9911888838,0.6671068668,0.6511076689,207.9745789,13.91671085,Setup
2,Setup,97.47527313,-0.3874484301,0.01133677363,-95.24731445,-11.95912838,0.4021037817,1083.931885,1531.014893,-985.6641235,-1707.220459,0,0.1169145852,-188.6187592,-5.149841309e-05,0.9708524942,0.6467704773,0.6307712793,207.9417419,13.85816479,Setup
22,Setup,-74.58596039,-25.29094887,0.120622009,-634.0246582,-6.404785156,0,761.4899292,972.5288696,-956.6652222,-1656.99292,0,0.01249867678,-15.71372414,0.0002996921539,0.6131857634,0.2891037762,0.2731045783,207.1850586,12.44205666,Setup
23,Setup,-84.16184235,-23.47950745,0.120395042,-586.0289917,-5.962127686,0,745.9854736,945.6743164,-954.3001709,-1652.896606,0,0.01236175746,-4.182186604,0.0001666545868,0.5944657326,0.2703837454,0.2543845475,209.0529785,15.67722702,Wait
24,Wait,-87.53384399,-25.96841812,0.1229264438,0,0,0,730.5391235,918.9205322,-951.8651733,-1648.678955,0,0.01031261683,-1.956372261,7.033348083e-06,0.5794081092,0.255326122,0.2393269241,207.8681641,13.62525177,Wait
25,Wait,-86.86047363,-26.71541023,0.1206311285,0,0,0,715.1516113,892.2686157,-949.3606567,-1644.340942,0,0.01275441051,-3.131206036,-0.0002211034298,0.5636178255,0.2395358384,0.2235366404,207.3713684,12.76505852,Wait
26,Wait,-85.92295837,-26.81888199,0.1206239983,0,0,0,699.8232422,865.7191772,-946.788269,-1639.885376,0,0.01278278977,-4.21695137,-5.668401718e-05,0.5474794507,0.2233974636,0.2073982656,207.2319183,12.52358627,Wait
39,Wait,-115.23806,-30.98688126,0.120622009,143.97966,1.944223404,0,505.7791443,529.625,-909.3187256,-1574.985962,0,0.0135602653,25.40730476,-0.0002152919769,0.3391775191,0.01509553194,-0.0009036660194,207.2442017,12.54589081,Wait
40,Wait,-114.6934967,-30.93215942,0.120622009,191.9728088,2.597219467,0,491.2276306,504.421051,-906.3106079,-1569.775757,0,0.01355034113,24.84353065,-6.198883057e-05,0.3232632875,-0.0008186995983,-0.01681789756,207.230484,12.52214813,Kick
41,Kick,-112.9203796,-30.80920029,0.1233026981,249.018631,-4.417669296,0.2010518759,476.7256775,479.3028564,-903.3046875,-1564.569336,1,0.01084807515,22.97560501,0.0001952648163,0.3074193597,-0.01666262746,-0.03266182542,207.1533508,12.38858414,Kick
42,Kick,-109.8149567,-30.61865807,0.129328683,304.8880005,-11.95726585,0.4016883373,462.2727051,454.2695618,-900.3029785,-1559.370239,2,0.004789069295,19.68935013,0.0001561641693,0.2916560471,-0.03242594004,-0.048425138,207.0034637,12.12908745,Kick
43,Kick,-105.6140137,-30.40197563,0.1333424598,359.6777039,-20.10131073,0.2006364763,447.868103,429.3201904,-897.3071899,-1554.181396,3,0.0007385611534,15.22003651,8.249282837e-05,0.2759769261,-0.04810506105,-0.06410425901,206.7767944,11.73660851,Kick
100,Kick,1537.537842,-368.7144775,-0.269772768,4020.734619,495.9344482,1.635501027,4302.878906,138.3530121,5995.282715,126.0659561,60,0.3590297103,6282.126953,0.05017089844,0.6441504955,0.3200685084,0.3040693104,8093.458984,218.0560913,Kick
101,Kick,1574.592773,-385.9125977,-0.2450941652,4019.817871,439.772644,1.836552858,4401.640625,140.429718,5989.454102,125.9433975,61,0.3414584994,5901.115723,0.04077148438,0.5677785873,0.2436966002,0.2276974022,7746.935059,210.7698975,Kick
0,Setup,100,0,0,0,0,0,1317.263428,1588.746704,-985.6791382,-1707.246338,0,0.1281726211,26.73193741,-5.316734314e-05,0.9919120073,0.6678299904,0.6518307924,424.0518188,41.76346588,Setup
1,Setup,100.4782715,0.06194335595,0.002037629485,47.60635757,6.115911484,0.2010518759,1300.596802,1559.87915,-985.6791382,-1707.246338,0,0.1261224002,26.24807739,1.573562622e-05,0.9715138078,0.6474318504,0.6314326525,424.0507202,41.75955582,Setup
2,Setup,102.5247498,0.3872503936,0.01133679319,95.24892426,11.94619083,0.4021037519,1283.931885,1531.014893,-985.6641235,-1707.220459,0,0.1167570725,24.2081337,4.959106445e-05,0.9511891007,0.6271071434,0.6111079454,424.0766907,41.80289841,Setup
13,Setup,119.3053055,2.636486769,0.08636466414,0,0,0.2239445895,1103.527954,1218.546021,-975.1750488,-1689.053223,0,0.04126965255,7.249893665,-3.528594971e-05,0.7457345128,0.4216525257,0.4056533277,424.0559692,41.74569321,Setup
14,Setup,119.5891953,2.627420664,0.09047320485,0,0,0.2041088194,1087.525635,1190.829346,-973.3399658,-1685.874634,0,0.03716291487,6.936626434,-8.177757263e-05,0.7284834385,0.4044014513,0.3884022534,424.0290833,41.69725418,Wait
15,Wait,119.780365,2.6235044,0.09412603825,0,0,0.1837734878,1071.580566,1163.211426,-971.4478149,-1682.597046,0,0.03351087123,6.727480888,-3.355741501e-05,0.7113207579,0.3872387707,0.3712395728,424.0127563,41.66700745,Wait
16,Wait,120.0889206,2.666223764,0.09618224204,0,0,0.1657166183,1055.69043,1135.688965,-969.5037231,-1679.229492,0,0.03144587576,6.417450428,-2.092123032e-05,0.6942273974,0.3701454103,0.3541462123,424.0141602,41.66760254,Wait
17,Wait,120.2459717,2.702615738,0.09813369811,0,0,0.1555722058,1039.854248,1108.260132,-967.5084839,-1675.773315,0,0.02948695421,6.26861763,1.835823059e-05,0.6772092581,0.3531272709,0.337128073,424.0238647,41.68282318,Wait
38,Wait,120.668869,2.942152977,0.1086005345,0,0,0,720.3807983,554.9158936,-912.326355,-1580.195557,0,0.0189711526,5.993475914,-5.483627319e-05,0.3352564871,0.01117449999,-0.004824697971,424.1757812,41.87240601,Wait
39,Wait,120.6714554,2.944488049,0.1086005345,0,0,0,705.7791138,529.625,-909.3186035,-1574.985962,0,0.01897066087,5.992022038,-5.054473877e-05,0.3193205893,-0.004761397839,-0.0207605958,424.1769409,41.87441254,Kick
40,Kick,122.106369,2.947907925,0.1112812236,106.8087845,-11.68876743,0.2010518759,691.2276001,504.421051,-906.3104858,-1569.775757,1,0.0162890926,4.43162632,-9.536743164e-07,0.3035157323,-0.02056625485,-0.03656545281,424.0641479,41.67909241,Kick
41,Kick,125.0821152,2.957543373,0.1173127815,194.937561,-21.93336296,0.4021037817,676.725647,479.3028564,-903.3045654,-1564.569336,2,0.0102551654,1.197113156,1.445412636e-06,0.2878472507,-0.03623473644,-0.0522339344,423.8317566,41.27651215,Kick
42,Kick,129.3767242,2.978904486,0.1238984466,271.0645752,-31.78442001,0.3933985531,662.272644,454.2695618,-900.3028564,-1559.370239,3,0.003664568067,-3.466957808,-0.000292122364,0.2722899616,-0.05179202557,-0.06779122353,423.5004272,40.70275879,Kick
97,Kick,1394.45813,69.01819611,-0.190411061,1344.281982,-7.857666016,-2.588034391,4289.773438,117.5053177,5965.290039,118.7646332,58,-0.2550327182,-279.6247559,0.0005035400391,0.4891691506,0.1650871634,0.1490879655,1412.845337,60.2397995,Kick
98,Kick,1414.80603,64.13040924,-0.2332945019,1069.31543,-39.35411072,-2.386982441,4388.813965,119.2989807,5962.233887,118.0721054,59,-0.2109302133,-291.708252,1.525878906e-05,0.5048987269,0.1808167398,0.1648175418,1422.293091,60.56697464,Kick
0,Setup,100,0,0,0,0,0,1500.596802,1559.87915,-985.6791382,-1707.246338,0,0.1281726211,244.5996094,-8.964538574e-05,0.9519129395,0.6278309822,0.6118317842,640.1323242,69.61170197,Setup
1,Setup,101.1012421,0.1793474406,0.005170054734,47.60628128,6.116513252,0.2010518759,1483.931885,1531.014893,-985.6641235,-1707.220459,0,0.1229661182,243.4989929,0.0002250671387,0.9316877127,0.6076056957,0.5916064978,640.1444702,69.63103485,Setup
2,Setup,102.3564148,0.3961554766,0.01140129752,95.26678467,11.80076885,0.4021037817,1467.274292,1502.163086,-985.6002197,-1707.109741,0,0.1166907549,242.2508087,9.346008301e-05,0.9115991592,0.5875171423,0.5715179443,640.1647949,69.66448212,Setup
26,Setup,325.0699768,29.28779793,0.1026327312,624.7639771,20.04097366,0,1106.599121,877.4553223,-913.145874,-1581.614868,0,0.01926992089,16.40206528,-0.0001555681229,0.5393089056,0.2152269185,0.1992277205,639.1240234,67.76243591,Setup
27,Setup,335.0452881,30.13861275,0.1010458469,576.7995605,18.25650787,0,1090.907227,850.2761841,-913.9717407,-1583.045166,0,0.02065947652,6.073850632,-0.0005689263344,0.5200266242,0.1959446371,0.1799454391,638.8552246,67.29697418,Wait
28,Wait,337.387207,30.36074829,0.1014059857,0,0,0,1075.257568,823.1702271,-914.6015625,-1584.136108,0,0.02024807781,3.66300416,5.376338959e-05,0.5007638931,0.176681906,0.160682708,638.8059082,67.211586,Wait
29,Wait,336.6822815,30.06990242,0.1006041393,0,0,0,1059.657593,796.1502686,-915.0194702,-1584.859985,0,0.02111341804,4.259234428,-0.0002490878105,0.4818690717,0.1577870846,0.1417878866,638.6905518,67.01197052,Wait
30,Wait,337.8067017,30.25944901,0.1015735641,0,0,0,1044.113525,769.227417,-915.2144165,-1585.19751,0,0.0201015994,3.14944005,-3.710389137e-05,0.4630897045,0.1390077174,0.1230085194,638.7148438,67.05422211,Wait
37,Wait,352.9651184,31.98166656,0.1029500514,0,0,0,937.2159424,584.0755005,-910.213501,-1576.534912,0,0.01833064109,-12.28980541,0.0001910924911,0.3389612138,0.01487922668,-0.001119971275,638.5619507,66.79006958,Wait
38,Wait,356.6059265,32.48007965,0.1029500514,0,0,0,922.2423706,558.140686,-908.6589355,-1573.842285,0,0.0182171762,-15.94774437,0.0001779794693,0.3219864666,-0.002095520496,-0.01809471846,638.5755615,66.8139267,Kick
39,Kick,361.321991,33.04394531,0.1056307405,91.08342743,-9.447329521,0.2010518759,907.3448486,532.3372803,-906.9258423,-1570.840332,1,0.01540695131,-20.7321682,0.0003910064697,0.3052102327,-0.01887175441,-0.03487095237,638.5466309,66.76379395,Kick
40,Kick,367.2000732,33.52737045,0.1116622984,167.1227417,-17.84921837,0.4021037817,892.5224609,506.6643066,-905.0270996,-1567.551758,2,0.009260892868,-26.82259178,-0.0003845691681,0.2887245119,-0.03535747528,-0.05135667324,638.3826904,66.48002625,Kick
41,Kick,373.9807434,34.08576965,0.1176889613,233.2445679,-25.99910927,0.3514735103,877.7745361,481.1201172,-902.9758911,-1563.999023,3,0.003101602197,-33.8451004,0.0006651878357,0.2723812163,-0.05170077085,-0.06769996881,638.1962891,66.15731049,Kick
92,Kick,1659.030151,-264.2476807,-0.5461069345,4071.452881,1008.508179,-0.05627885461,4317.542969,161.6574707,6133.665039,47.14442825,54,0.6045368314,7691.968262,0.1125488281,0.8894801736,0.5653982162,0.5493990183,9637.353516,202.5690918,Kick
93,Kick,1690.506226,-285.0543518,-0.5422284603,4068.793945,1007.116821,0.1447730064,4418.71582,162.4351044,6128.259766,47.10288239,55,0.6087717414,6950.666992,0.01837158203,0.7511717081,0.427089721,0.411090523,8925.125,197.0913086,Kick
0,Setup,100,0,0,0,0,0,674.8104248,1772.016724,-510.2250671,-1904.185913,0,0.1468531042,-194.674118,2.098083496e-05,1.011716366,0.6876343489,0.6716351509,204.1921997,15.41192055,Setup
1,Setup,99.52297211,-0.07088010013,0.002037627157,-47.48361588,-7.005410671,0.2010518759,666.1831055,1739.819214,-510.2250671,-1904.185913,0,0.1448299885,-194.1925507,-9.536743164e-06,0.9912304282,0.6671484709,0.6511492729,204.1913452,15.41299438,Setup
2,Setup,97.48206329,-0.4420420825,0.01133620925,-95.00710297,-13.73762131,0.4021037817,657.5568237,1707.625244,-510.2173157,-1904.156982,0,0.1356074959,-192.1465302,5.149841309e-05,0.9708929658,0.6468110085,0.6308118105,204.1731873,15.34942341,Setup
23,Setup,-80.42683411,-27.45703506,0.1543536782,-576.4049683,4.733009338,0,482.6228027,1054.762573,-493.9822388,-1843.566895,0,-0.002088457346,-11.88296223,-7.033348083e-06,0.5952197313,0.2711377442,0.2551385462,204.3567047,16.24383926,Setup
24,Setup,-90.49775696,-30.82227707,0.1566997916,-528.409668,4.253860474,0,474.6271973,1024.922607,-492.7218018,-1838.862793,0,-0.003784433007,-2.12351656,6.21676445e-05,0.5798002481,0.255718261,0.239719063,203.9028473,14.55036545,Wait
25,Wait,-91.57654572,-31.74721146,0.1545951664,0,0,0,466.6620178,995.196228,-491.4253845,-1834.024292,0,-0.001499354839,-1.222980857,-8.274614811e-05,0.5638735294,0.2397915423,0.2237923443,203.7059021,13.81573868,Wait
26,Wait,-90.65129852,-31.81796265,0.154588595,0,0,0,458.727478,965.5842285,-490.093811,-1829.05481,0,-0.001477584243,-2.217773199,-0.0001170635223,0.5477039218,0.2236219347,0.2076227367,203.6473083,13.59772873,Wait
27,Wait,-90.62493896,-31.96771812,0.1545881033,0,0,0,450.8236694,936.086792,-488.7286377,-1823.959839,0,-0.001447632909,-2.284174204,-0.0001222193241,0.5315588117,0.2074768245,0.1914776266,203.60672,13.44650459,Wait
39,Wait,-115.8798141,-35.78979111,0.1545868367,47.99759293,-0.03785705566,0,358.2828674,590.7198486,-470.697998,-1756.668701,0,-0.0007326900959,23.39146996,-0.0001072883606,0.3393138945,0.01523190737,-0.0007672905922,203.6917114,13.76915741,Wait
40,Wait,-116.6389465,-35.91584015,0.1545868367,95.99517822,-0.07266998291,0,350.7504272,562.6085205,-469.1408691,-1750.857422,0,-0.0007091760635,24.16057205,-2.408027649e-05,0.3233836591,-0.0006983280182,-0.01669752598,203.6914062,13.76858902,Kick
41,Kick,-115.7561188,-35.97616577,0.153404817,185.9367676,-14.0549221,-0.08865144849,343.2436829,534.5928955,-467.5848999,-1745.050415,1,0.0004859566689,23.21294785,-0.0006029605865,0.3075724244,-0.01650956273,-0.03250876069,203.6372528,13.56663513,Kick
42,Kick,-113.2759476,-35.99834061,0.1545881778,264.696106,-26.14933395,0.1109151244,335.7622681,506.6718445,-466.0310974,-1739.251587,2,-0.0006893128157,20.58505249,0.0004246234894,0.2918897569,-0.03219223022,-0.04819142818,203.5200195,13.14522934,Kick
43,Kick,-109.3707352,-35.99026871,0.1537560672,335.7826233,-37.39259338,-0.09013675153,328.3059387,478.8444214,-464.4803467,-1733.464111,3,0.0001471191645,16.46466637,0.000253200531,0.2763231993,-0.04775878787,-0.06375798583,203.353363,12.52285385,Kick
102,Kick,1573.303711,-410.1153564,-0.2357482463,4029.554688,387.881958,1.887200236,4301.830078,134.2518768,5860.969238,145.5901794,62,0.3400703073,5700.290039,-0.006164550781,0.5619183779,0.2378363907,0.2218371928,7540.973145,214.7062988,Kick
103,Kick,1618.117554,-423.7164001,-0.2054671496,4026.5979,323.4845581,2.088252068,4398.340332,136.6492462,5855.089844,145.4441376,63,0.3163017631,5419.125488,-0.08929443359,0.5033828616,0.1793008745,0.1633016765,7302.161621,208.7748718,Kick
0,Setup,100,0,0,0,0,0,857.5568237,1707.625244,-510.2173157,-1904.15686,0,0.1468531042,15.84231377,7.343292236e-05,0.9514199495,0.6273379326,0.6113387346,412.4427185,46.21596527,Setup
1,Setup,100,0,0.003873907961,0,0,0.2010518759,848.9342041,1675.445435,-510.1841125,-1904.032959,0,0.1429791898,15.84111118,7.009506226e-05,0.9312746525,0.6071926355,0.5911934376,412.4415283,46.21578598,Setup
2,Setup,100,0,0.009257517755,0,0,0.4021037519,840.3206177,1643.29895,-510.0994568,-1903.717041,0,0.1375955939,15.83990765,7.081031799e-05,0.9113405943,0.5872585773,0.5712593794,412.4403381,46.2156105,Setup
40,Setup,100,0,0.1275524497,0,0,0,551.9016724,566.9047241,-468.4941101,-1748.444092,0,0.01930065453,15.7995863,6.96182251e-05,0.3067345917,-0.01734739542,-0.03334659338,412.4004517,46.20970917,Setup
41,Setup,100,0,0.1279966831,0,0,0,544.1605835,538.0147705,-467.8131714,-1745.902588,0,0.01885642111,15.79844475,6.866455078e-05,0.2896660566,-0.03441593051,-0.05041512847,412.3993225,46.20954132,Kick
42,Kick,101.9769287,0.001858523348,0.1306792051,147.0494232,-18.98541069,0.2010518759,536.4691162,509.3098755,-466.9958801,-1742.852295,1,0.01617351174,13.71274853,7.355213165e-05,0.2729839385,-0.05109804869,-0.06709724665,412.3130188,45.90608978,Kick
43,Kick,106.0249481,0.01255709399,0.1367107481,264.236969,-34.92761612,0.4021037817,528.8260498,480.7854614,-466.0546875,-1739.3396,2,0.01013976336,9.453784943,8.33272934e-05,0.2566633821,-0.06741860509,-0.08341780305,412.1480103,45.2929306,Kick
44,Kick,111.7927322,0.03930497915,0.1432349831,362.5743408,-49.63418198,0.3887912631,521.2299805,452.4364624,-465.0018005,-1735.410156,3,0.003610044718,3.388684988,0.0001305341721,0.2406436652,-0.08343832195,-0.09943751991,411.9162292,44.43061447,Kick
99,Kick,1478.063843,-207.7479095,-0.3554598987,3912.194336,969.8770752,1.287102222,4218.080566,63.65946198,5920.200684,92.99682617,58,0.3906881511,11398.60547,-0.04721069336,1.584905148,1.260823131,1.244823933,13169.41211,204.2411346,Kick
100,Kick,1521.092041,-216.3592834,-0.3326568007,3917.482666,926.2218018,1.488154054,4315.669434,65.19242859,5914.689453,92.91025543,59,0.3716204464,9918.223633,0.008911132812,1.303144097,0.9790620804,0.9630628824,11731.56055,181.6880798,Kick
0,Setup,100,0,0,0,0,0,1074.810425,1772.016724,-510.2250671,-1904.185913,0,0.1468531042,226.3635864,0.0001220703125,0.9725949168,0.6485129595,0.6325137615,620.697998,77.02071381,Setup
1,Setup,100.4770279,0.07088010013,0.002037627157,47.48361588,7.005410671,0.2010518759,1066.183105,1739.819214,-510.2250671,-1904.185913,0,0.1448009312,225.8769379,0.0002784729004,0.9522819519,0.628199935,0.612200737,620.6947632,77.01296997,Setup
2,Setup,102.5179443,0.4419759214,0.01133622788,95.00775909,13.73306656,0.4021037817,1057.556763,1707.625244,-510.2173157,-1904.156982,0,0.1354261935,223.8147583,-4.959106445e-05,0.9320506454,0.607968688,0.5919694901,620.7015381,77.04256439,Setup
25,Setup,309.504303,34.63579559,0.1539800167,602.380249,-7.742828369,0,866.6619873,995.196228,-491.425354,-1834.024292,0,-0.01457948983,14.57266808,0.0004460811615,0.5248380303,0.2007560432,0.1847568452,621.0253906,78.34594727,Setup
26,Setup,319.066864,35.93479156,0.1539846361,554.3862915,-7.155029297,0,858.727478,965.5842285,-490.0937805,-1829.05481,0,-0.01488097012,4.86509037,0.0009673237801,0.5086304545,0.1845484674,0.1685492694,620.9870605,78.20697021,Wait
27,Wait,320.6582642,36.07948685,0.1539839804,0,0,0,850.8236694,936.086792,-488.7286072,-1823.959839,0,-0.01491442323,3.230243206,-0.0002901554108,0.492456913,0.1683749259,0.1523757279,620.9609985,78.11349487,Wait
28,Wait,320.2838745,36.25556183,0.1539879441,0,0,0,842.9505615,906.7040405,-487.3318481,-1818.74707,0,-0.01495569944,3.66654563,-0.0004334449768,0.4761473536,0.1520653665,0.1360661685,621.0202637,78.33868408,Wait
29,Wait,320.1903992,36.27554703,0.1539858282,0,0,0,835.1080933,877.4353638,-485.9060059,-1813.425659,0,-0.014957726,3.768770695,-0.0003321766853,0.4600033164,0.1359213293,0.1199221313,621.0281982,78.37169647,Wait
37,Wait,333.6826782,38.43091965,0.1539852917,0,0,0,773.4260864,647.2350464,-473.8099976,-1768.282959,0,-0.01544846594,-9.848459244,0.0005646944046,0.3319740593,0.007892072201,-0.008107125759,621.0541992,78.49969482,Wait
38,Wait,336.9633789,38.96244812,0.1539852917,0,0,0,765.8413086,618.9282227,-472.2548523,-1762.479248,0,-0.01557002962,-13.15634918,-0.0004631280899,0.3160100877,-0.008071899414,-0.02407109737,621.0636597,78.53887177,Kick
39,Kick,341.6590881,39.45788193,0.1513046026,104.2726746,-16.14164734,-0.2010518759,758.2828979,590.7198486,-470.6979065,-1756.668701,1,-0.01300609112,-17.95656586,0.0005059242249,0.3001892567,-0.02389273047,-0.03989192843,621.0095215,78.34034729,Kick
40,Kick,347.6650085,39.92006302,0.1452730447,188.6604309,-28.62018013,-0.4021037817,750.7504883,562.6085205,-469.1408081,-1750.857422,2,-0.007087007165,-24.1401844,-0.0009083747864,0.28450194,-0.03958004713,-0.05557924509,620.8953247,77.91793823,Kick
41,Kick,354.6886292,40.33440399,0.1407275051,260.3426514,-38.3380928,-0.2403898537,743.2437134,534.5928955,-467.5848389,-1745.050415,3,-0.002645999193,-31.40203667,-0.0001993179321,0.2689254582,-0.05515652895,-0.07115572691,620.7301025,77.30487061,Kick
